[200,11,537,435]
[201,3,456,428]
[202,1,405,399]
[203,7,425,348]
[204,1,549,372]
[205,8,453,314]
[206,8,425,347]
[207,8,480,447]
[208,10,493,401]
[209,6,533,530]
[210,5,498,404]
[211,4,543,467]
[212,3,451,433]
[213,10,364,349]
[214,4,469,437]
[215,7,480,461]
[216,10,517,393]
[217,3,509,334]
[218,6,380,334]
[219,3,476,411]
[220,3,350,335]
[221,10,496,459]
[222,8,352,342]
[223,1,531,334]
[224,3,383,357]
[225,5,498,480]
[226,6,535,348]
[227,1,380,347]
[228,6,395,341]
[229,1,542,516]
[230,6,448,300]
[231,5,519,492]
[232,9,369,331]
[233,10,476,367]
[234,8,421,356]
[235,2,512,343]
[236,7,389,369]
[237,5,368,324]
[238,9,360,314]
[239,2,358,357]
[240,8,425,333]
[241,11,526,508]
[242,4,522,455]
[243,7,476,303]
[244,4,519,332]
[245,2,436,314]
[246,3,472,318]
[247,10,471,432]
[248,10,459,324]
[249,10,448,407]
[250,6,527,440]
[251,9,393,390]
[252,8,376,360]
[253,3,379,310]
[254,5,450,362]
[255,6,373,303]
[256,8,432,346]
[257,6,525,338]
[258,1,497,433]
[259,4,475,461]
[260,3,504,445]
[261,5,481,323]
[262,5,516,391]
[263,1,541,362]
[264,4,427,312]
[265,2,460,447]
[266,6,505,361]
[267,2,385,349]
[268,2,422,313]
[269,4,449,400]
[270,6,419,384]
[271,6,425,375]
[272,8,477,420]
[273,5,504,348]
[274,2,435,370]
[275,2,506,300]
[276,1,388,330]
[277,6,520,439]
[278,8,420,363]
[279,8,514,389]
[280,10,384,382]
[281,7,546,385]
[282,8,537,346]
[283,1,420,389]
[284,1,415,346]
[285,4,512,403]
[286,8,530,451]
[287,1,391,357]
[288,4,549,439]
[289,1,436,304]
[290,3,456,377]
[291,1,405,394]
[292,7,465,439]
[293,4,364,309]
[294,4,357,301]
[295,11,377,358]
[296,7,416,353]
[297,2,430,361]
[298,2,416,389]
[299,10,445,332]
[300,7,353,319]
[301,8,384,359]
[302,3,392,343]
[303,5,530,357]
[304,8,377,325]
[305,2,475,325]
[306,3,399,369]
[307,9,472,324]
[308,8,464,425]
[309,9,408,404]
[310,9,448,324]
[311,9,479,477]
[312,6,459,416]
[313,10,443,335]
[314,7,356,351]
[315,5,478,452]
[316,10,516,364]
[317,9,470,318]
[318,9,482,464]
[319,4,364,335]
[320,7,415,409]
[321,8,408,369]
[322,8,350,323]
[323,7,380,367]
[324,6,542,332]
[325,4,391,362]
[326,2,420,384]
[327,9,446,351]
[328,9,400,353]
[329,7,475,474]
[330,10,420,397]
[331,3,395,352]
[332,8,437,365]
[333,2,405,319]
[334,4,496,365]
[335,1,408,399]
[336,2,358,349]
[337,4,478,465]
[338,8,420,349]
[339,9,414,327]
[340,10,499,399]
[341,3,508,362]
[342,8,518,416]
[343,7,464,309]
[344,11,517,478]
[345,2,370,301]
[346,11,535,425]
[347,2,518,361]
[348,2,374,365]
[349,7,479,465]
[350,9,449,381]
[351,6,449,381]
[352,5,541,538]
[353,4,409,396]
[354,9,449,304]
[355,1,543,494]
[356,8,446,349]
[357,4,442,414]
[358,2,375,320]
[359,8,481,419]
[360,5,514,324]
[361,1,507,324]
[362,3,388,305]
[363,11,507,408]
[364,10,379,339]
[365,3,423,334]
[366,10,475,405]
[367,10,411,346]
[368,4,380,326]
[369,7,483,341]
[370,8,508,506]
[371,7,380,350]
[372,11,502,389]
[373,10,372,329]
[374,5,413,361]
[375,3,380,330]
[376,8,358,349]
[377,1,424,344]
[378,3,434,362]
[379,2,436,394]
[380,6,469,447]
[381,6,433,423]
[382,11,503,373]
[383,8,496,481]
[384,8,472,440]
[385,11,471,410]
[386,10,371,361]
[387,7,439,310]
[388,4,474,423]
[389,11,405,355]
[390,3,351,310]
