[200,6,416,376]
[201,9,534,307]
[202,9,406,280]
[203,5,420,355]
[204,4,510,290]
[205,10,438,220]
[206,6,534,306]
[207,3,490,296]
[208,6,418,276]
[209,1,495,394]
[210,4,408,205]
[211,3,373,334]
[212,3,399,388]
[213,5,520,448]
[214,7,459,446]
[215,9,482,374]
[216,5,489,301]
[217,1,519,330]
[218,8,463,408]
[219,6,464,303]
[220,2,469,234]
[221,5,507,358]
[222,6,515,216]
[223,3,357,306]
[224,7,455,442]
[225,8,465,356]
[226,3,492,260]
[227,9,521,238]
[228,10,420,328]
[229,3,368,348]
[230,3,432,211]
[231,9,499,293]
[232,5,486,279]
[233,7,467,327]
[234,5,464,409]
[235,4,411,293]
[236,5,398,315]
[237,6,498,459]
[238,8,483,272]
[239,4,519,292]
[240,6,415,339]
[241,9,361,323]
[242,2,402,232]
[243,10,533,323]
[244,5,525,252]
[245,10,476,425]
[246,3,474,337]
[247,6,413,231]
[248,5,472,418]
[249,3,403,357]
[250,2,467,274]
[251,6,401,308]
[252,1,368,304]
[253,5,376,282]
[254,1,368,246]
[255,11,514,296]
[256,8,465,237]
[257,3,545,494]
[258,6,356,210]
[259,11,462,320]
[260,2,458,204]
[261,10,463,322]
[262,4,435,246]
[263,4,419,226]
[264,11,397,268]
[265,5,461,381]
[266,10,462,232]
[267,7,539,399]
[268,3,379,288]
[269,5,420,215]
[270,3,383,236]
[271,3,544,536]
[272,9,386,225]
[273,6,419,206]
[274,1,516,428]
[275,1,441,399]
[276,7,487,327]
[277,2,399,386]
[278,3,477,467]
[279,5,525,495]
[280,10,429,308]
[281,2,508,200]
[282,5,356,266]
[283,2,404,241]
[284,8,458,285]
[285,9,515,301]
[286,5,547,464]
[287,10,355,258]
[288,5,359,294]
[289,9,541,224]
[290,7,414,381]
[291,5,417,245]
[292,8,477,295]
[293,7,439,417]
[294,6,360,296]
[295,8,543,293]
[296,4,474,386]
[297,11,489,374]
[298,8,386,301]
[299,7,361,231]
[300,6,439,224]
[301,9,503,350]
[302,6,375,208]
[303,10,359,297]
[304,1,392,317]
[305,5,487,249]
[306,9,409,304]
[307,2,478,315]
[308,7,412,342]
[309,1,505,247]
[310,2,535,466]
[311,2,470,419]
[312,6,351,244]
[313,5,510,213]
[314,7,356,253]
[315,1,424,212]
[316,9,462,255]
[317,5,474,212]
[318,7,546,306]
[319,4,478,250]
[320,6,464,284]
[321,4,384,381]
[322,2,472,236]
[323,9,368,336]
[324,5,459,296]
[325,4,513,287]
[326,1,463,438]
[327,9,427,374]
[328,7,354,302]
[329,4,435,316]
[330,6,542,538]
[331,3,482,261]
[332,8,499,390]
[333,8,362,327]
[334,7,508,214]
[335,9,516,433]
[336,6,497,206]
[337,5,373,335]
[338,10,503,499]
[339,3,409,349]
[340,7,379,251]
[341,9,417,359]
[342,10,527,379]
[343,1,389,303]
[344,3,438,291]
[345,6,375,300]
[346,8,442,413]
[347,7,437,251]
[348,11,498,240]
[349,3,377,355]
[350,3,414,395]
[351,5,372,357]
[352,7,512,335]
[353,10,502,479]