[200,8,473,304]
[201,5,412,382]
[202,3,509,373]
[203,1,449,385]
[204,4,546,541]
[205,11,512,483]
[206,2,455,372]
[207,9,547,394]
[208,3,548,463]
[209,8,471,375]
[210,10,501,467]
[211,10,374,373]
[212,7,418,334]
[213,1,495,300]
[214,10,443,415]
[215,11,505,340]
[216,10,539,337]
[217,6,526,310]
[218,3,452,361]
[219,3,537,305]
[220,11,440,387]
[221,11,358,307]
[222,11,491,362]
[223,2,423,409]
[224,6,549,314]
[225,9,543,470]
[226,1,398,314]
[227,11,395,302]
[228,2,528,438]
[229,7,489,373]
[230,2,407,353]
[231,8,433,324]
[232,1,480,345]
[233,8,465,316]
[234,8,453,319]
[235,9,474,349]
[236,6,432,355]
[237,4,477,302]
[238,5,516,501]
[239,11,542,539]
[240,10,389,310]
[241,2,498,490]
[242,11,352,340]
[243,2,496,424]
[244,2,469,307]
[245,11,437,307]
[246,11,360,351]
[247,5,402,361]
[248,9,376,314]
[249,11,504,497]
[250,5,353,347]
[251,7,481,354]
[252,5,467,311]
[253,2,439,359]
[254,4,536,503]
[255,11,443,393]
[256,10,507,359]
[257,6,474,370]
[258,11,493,410]
[259,6,359,356]
[260,5,527,361]
[261,1,493,377]
[262,7,460,427]
[263,11,501,386]
[264,11,354,305]
[265,10,446,346]
[266,2,390,348]
[267,2,464,445]
[268,2,359,347]
[269,7,470,445]
[270,7,511,408]
[271,6,376,359]
[272,8,518,305]
[273,4,443,363]
[274,2,393,392]
[275,9,476,457]
[276,1,399,398]
[277,10,412,387]
[278,2,402,315]
[279,9,519,381]
[280,10,492,342]
[281,4,374,304]
[282,5,402,303]
[283,3,369,349]
[284,10,372,341]
[285,11,478,448]
[286,11,512,363]
[287,7,417,382]
[288,5,533,350]
[289,1,471,323]
[290,3,381,339]
[291,2,377,334]
[292,10,530,396]
[293,5,406,367]
[294,10,449,428]
[295,2,434,314]
[296,4,494,388]
[297,4,443,351]
[298,6,469,445]
[299,10,537,387]
[300,3,415,322]
[301,5,498,397]
[302,10,537,344]
[303,3,361,340]
[304,6,383,350]
[305,2,506,363]
[306,5,480,357]
[307,5,546,472]
[308,4,384,370]
[309,3,429,303]
[310,1,409,300]
[311,1,537,330]
[312,1,390,351]
[313,7,528,514]
[314,9,543,390]
[315,9,425,323]
[316,10,489,320]
[317,3,389,386]
[318,5,378,371]
[319,11,370,329]
[320,6,531,405]
[321,4,391,370]
[322,3,432,405]
[323,3,473,353]
[324,8,375,305]
[325,9,396,349]
[326,10,431,425]
[327,1,448,309]
[328,5,508,368]
[329,2,449,309]
[330,10,525,421]
[331,3,358,330]
[332,10,449,440]
[333,6,417,375]
[334,8,490,364]
[335,1,536,314]
[336,7,473,330]
[337,7,392,334]
[338,3,420,361]
[339,8,417,331]
[340,2,520,349]
[341,6,479,450]
[342,7,420,375]
[343,8,368,318]
[344,11,446,349]
[345,8,391,310]
[346,7,431,425]
[347,2,417,351]
[348,9,412,396]
[349,4,411,382]
[350,1,495,395]
[351,3,526,319]
[352,1,510,437]
[353,7,384,369]
[354,10,459,311]
